1
2
3
4
5
6
7
8
9
12
13
15
16
17
18
20
21
22
23
24
25
73
186
578
597
633
638
639
657
658
659
662
28
29
30
31
32
33
34
35
36
37
38
39
40
41
42
43
44
45
46
47
48
49
50
51
52
53
54
55
56
57
58
233
569
598
640
641
656
59
60
61
62
63
64
65
66
67
68
69
70
71
72
74
75
76
77
78
79
80
81
83
84
85
152
580
592
599
617
86
87
88
89
90
91
92
93
94
95
96
97
98
99
100
101
102
103
104
105
106
107
108
109
110
111
112
314
338
602
634
649
661
113
114
115
116
118
119
120
121
122
123
124
125
126
127
128
129
130
131
132
133
134
135
136
137
138
139
140
141
142
143
144
145
146
147
148
149
595
600
601
615
618
628
629
663
150
151
153
154
155
157
158
160
161
162
163
164
165
166
167
168
169
170
171
172
173
174
175
176
177
178
179
180
181
182
183
184
185
187
189
386
560
575
581
621
11
159
190
193
194
195
196
197
199
200
201
202
203
205
206
207
208
209
210
211
212
213
214
215
216
445
585
644
645
646
647
650
156
217
218
219
220
221
222
223
224
225
226
227
228
229
230
231
232
234
235
236
237
238
577
582
603
614
624
627
651
10
19
191
239
240
241
242
243
244
245
246
247
248
249
250
251
252
253
254
255
256
257
258
259
579
586
604
605
622
260
261
262
263
264
265
266
267
268
269
270
271
272
273
274
275
276
277
278
279
280
281
282
283
284
359
568
583
611
619
630
631
632
117
192
198
285
286
287
288
289
290
291
292
293
294
295
296
297
298
299
300
301
302
303
304
305
306
307
308
309
501
570
606
616
635
310
311
312
313
315
316
317
318
319
320
321
322
323
324
325
326
327
328
329
330
331
332
333
334
335
336
337
339
636
660
340
341
342
343
344
345
346
347
348
349
350
351
352
353
354
355
356
357
358
360
361
362
363
571
607
625
626
364
365
366
367
368
369
370
371
372
373
374
375
376
377
378
379
380
381
382
383
384
385
387
389
572
593
594
613
648
652
390
391
392
393
394
395
396
398
399
400
401
402
403
404
405
406
407
408
409
410
411
412
413
414
415
416
417
418
419
420
421
574
590
26
422
423
424
425
426
427
428
429
430
431
432
433
434
435
436
437
438
439
440
441
442
443
444
446
447
448
449
531
573
596
620
653
14
27
188
397
450
451
452
453
454
455
456
457
458
459
460
461
462
463
464
465
466
467
468
469
470
471
472
473
474
475
476
477
515
518
584
608
623
82
478
479
480
481
482
483
484
485
486
487
488
489
490
491
492
493
494
495
496
497
498
499
500
502
503
504
505
506
507
508
509
510
609
610
612
388
511
512
513
514
516
517
519
520
521
522
523
524
525
526
527
528
529
530
532
576
587
588
589
591
643
654
204
533
534
535
536
537
538
539
540
541
542
543
544
545
546
547
548
549
550
551
552
553
554
555
556
557
558
559
561
562
563
564
565
566
567
637
642
655
664
